1.038457 
2.374120 
4.749443 
9.899661 
10.525897 
17.098860 
17.153128 
21.618161 
26.387405 
27.478450 
28.466408 
30.504707 
35.234968 
36.293139 
36.567223 
37.982579 
43.319726 
43.866351 
45.726862 
46.284413 
48.663907 
49.342543 
49.570076 
50.624137 
55.619827 
55.641398 
60.044564 
61.902714 
62.498164 
63.241228 
64.170420 
66.697471 
66.829717 
67.552398 
68.498508 
69.534718 
71.927174 
72.706762 
76.886469 
78.109108 
78.740102 
78.894336 
79.521148 
82.058769 
85.700472 
87.574646 
88.951806 
89.150288 
90.821227 
94.067071 
95.121421 
95.281679 
96.045006 
97.135796 
97.535519 
97.848954 
99.187505 
99.918200 
99.962763 
100.393704 
101.352628 
101.713950 
102.543865 
103.621449 
103.698030 
105.050335 
105.781422 
106.785690 
108.636924 
110.616840 
110.835951 
112.723929 
113.334774 
114.377359 
118.085161 
118.141501 
118.189503 
118.315540 
118.420102 
118.625818 
119.812293 
119.846915 
119.928156 
121.345007 
122.931142 
122.936736 
122.948095 
123.221816 
124.614595 
125.727017 
125.736639 
127.631065 
127.657136 
127.769763 
127.996572 
129.151014 
129.700980 
131.744975 
132.881977 
133.340191 
133.374139 
133.376936 
134.671930 
134.877892 
135.410305 
136.042578 
136.544094 
136.909346 
136.996353 
137.170878 
138.460721 
140.116452 
141.367311 
141.658848 
141.886254 
143.549830 
143.631672 
146.364579 
147.331991 
148.910650 
149.693972 
150.791678 
150.831099 
152.558247 
153.535987 
153.604458 
155.767970 
157.154350 
157.732745 
157.882091 
157.994976 
158.298020 
158.326216 
159.430249 
159.552362 
160.003227 
163.278128 
163.814717 
164.041188 
165.307745 
165.915704 
168.142083 
168.258561 
170.998804 
171.042526 
171.250523 
173.214128 
173.643023 
174.535466 
175.054174 
176.121282 
176.699856 
177.866223 
180.359987 
180.757961 
180.896212 
181.356307 
181.449886 
182.171721 
182.321143 
182.650634 
182.690746 
183.505540 
183.822620 
186.262167 
187.134860 
187.932516 
188.404694 
188.587996 
188.754302 
188.870986 
189.898659 
191.438154 
192.202394 
194.021685 
196.682536 
196.985333 
197.223721 
197.483502 
198.527735 
199.226713 
200.024897 
200.112256 
200.358106 
201.154595 
202.123692 
202.217664 
203.171113 
203.199942 
203.294529 
203.682875 
203.996739 
205.929970 
206.730698 
206.971144 
207.241141 
208.118171 
208.384572 
209.059472 
210.301415 
210.713158 
210.745958 
211.639239 
213.085841 
215.080240 
216.103432 
216.750533 
217.660325 
217.713101 
218.256227 
219.067091 
219.218334 
219.727080 
220.713158 
221.722533 
222.971937 
222.990836 
224.862174 
225.209120 
225.431662 
225.922502 
227.115504 
227.122187 
229.326300 
229.687569 
230.197419 
230.470475 
231.334739 
232.747526 
232.951839 
233.715278 
234.964165 
235.029597 
235.270867 
235.354368 
236.324019 
236.510122 
236.591771 
236.673917 
239.007314 
239.135471 
240.754164 
240.940271 
241.286217 
243.261717 
243.301639 
245.017118 
245.726775 
248.604833 
249.545815 
250.451619 
250.530618 
253.705461 
254.553320 
254.908915 
257.078846 
257.259170 
257.291931 
257.614474 
258.954338 
259.566043 
260.625073 
262.321340 
262.464693 
264.872036 
265.557217 
265.911113 
266.176652 
266.238207 
266.788184 
267.809098 
268.414108 
270.004363 
270.543951 
271.164510 
271.690940 
271.732136 
272.033966 
272.155302 
273.106409 
273.550711 
273.966351 
274.992501 
275.061091 
275.488564 
275.504162 
276.083409 
276.309271 
276.398933 
276.766028 
276.901719 
277.216689 
277.293185 
277.385911 
277.693009 
278.370245 
278.950434 
279.537714 
280.037025 
280.268072 
280.833050 
281.077363 
281.973139 
282.815728 
283.903250 
283.974144 
283.984363 
284.652598 
286.763016 
286.868532 
287.047758 
287.108773 
287.383169 
289.188852 
290.414289 
290.817207 
290.903959 
291.063450 
291.274088 
291.475326 
291.651402 
291.842212 
292.252390 
293.462344 
293.571440 
293.896610 
296.570048 
297.540241 
297.606475 
297.629882 
297.681343 
298.192026 
298.362535 
298.750595 
298.928653 
299.278511 
299.653968 
299.841277 
300.028809 
300.537045 
301.080439 
301.127013 
301.685312 
302.562860 
302.774945 
303.350951 
303.907200 
305.042426 
305.139392 
305.275261 
305.533173 
305.783967 
308.395521 
308.658966 
308.935752 
310.877759 
311.522950 
311.741678 
311.743549 
312.204741 
312.575968 
312.982740 
313.836052 
314.630133 
316.148443 
316.500612 
316.709634 
316.796217 
317.024030 
317.027168 
317.430124 
318.084802 
318.252784 
318.670598 
318.860398 
319.089474 
319.771862 
321.029849 
321.100723 
322.606079 
322.688433 
322.798444 
323.327733 
323.398666 
324.368640 
324.441722 
325.405727 
325.866605 
326.107771 
326.137734 
326.347073 
327.004724 
328.225504 
328.541127 
330.328446 
331.349213 
331.892453 
332.708987 
332.844295 
333.319803 
333.634337 
334.073159 
334.213893 
334.246674 
334.394014 
334.577745 
335.293026 
335.838570 
336.511552 
336.588295 
336.797816 
337.262433 
337.398784 
338.735672 
339.357471 
339.386359 
339.548128 
339.710274 
339.792475 
339.997685 
340.116023 
340.393665 
340.405291 
340.518609 
340.555705 
340.864182 
341.506116 
341.882859 
342.115175 
342.238019 
342.312271 
343.983057 
344.062386 
344.630895 
344.691857 
344.795918 
345.245824 
345.918693 
347.136374 
347.224583 
347.484269 
349.585050 
349.942949 
350.006611 
351.223342 
351.445252 
351.906072 
352.108016 
352.835722 
352.992281 
353.125253 
353.190915 
354.022091 
354.262153 
354.421220 
354.983205 
356.651049 
356.807483 
356.939280 
357.913334 
358.575424 
358.602466 
359.041947 
359.107449 
359.635861 
359.669961 
359.931762 
360.827158 
360.903481 
361.440411 
362.892283 
363.871130 
364.013625 
364.299591 
365.214032 
366.340244 
366.393232 
366.687281 
366.711522 
367.607559 
367.752178 
368.085619 
368.240111 
368.356546 
369.071205 
369.214954 
369.437049 
369.652300 
371.671371 
372.724169 
373.819918 
374.312239 
374.408430 
374.468615 
374.872531 
375.120318 
375.275114 
376.025954 
376.233536 
376.434479 
376.441354 
377.932335 
378.094988 
378.587004 
379.687344 
380.334291 
380.433723 
380.922937 
381.513801 
381.805328 
381.867299 
382.293751 
383.135097 
383.492756 
383.755851 
383.949830 
384.272653 
384.401611 
384.557368 
385.180168 
385.281067 
386.138089 
387.580071 
388.428759 
388.725029 
392.114049 
392.117604 
392.323691 
393.001904 
393.077432 
393.412595 
394.233949 
394.914319 
395.528316 
395.538556 
396.167288 
397.144245 
397.609468 
399.716427 
400.140399 
401.779071 
402.435649 
402.618519 
403.028631 
403.215306 
404.292061 
404.420906 
404.972613 
405.205599 
405.736358 
407.921142 
411.792579 
411.951920 
413.338614 
413.695364 
413.948651 
414.712350 
414.803386 
415.523022 
416.627200 
417.100871 
419.516881 
419.615680 
420.131134 
421.145982 
421.620367 
421.702508 
422.169886 
422.399645 
422.921645 
423.152772 
423.340084 
425.526075 
425.672023 
425.746874 
426.488484 
427.923081 
429.471972 
429.645782 
431.336488 
431.423920 
431.879962 
433.010968 
433.718312 
434.731931 
435.837511 
435.899367 
435.937143 
435.971738 
436.916080 
437.779400 
438.034335 
438.478348 
442.536385 
444.097441 
444.207322 
444.357878 
444.410655 
444.444255 
444.963411 
445.615268 
445.815830 
445.831762 
447.272321 
448.411186 
448.729267 
449.213820 
450.427383 
450.906452 
451.954216 
455.348375 
456.066104 
456.505561 
459.098751 
459.809939 
459.941010 
460.591211 
460.726327 
461.060522 
463.511393 
463.652771 
464.289996 
464.459102 
464.543704 
464.662368 
465.464129 
465.467296 
465.548176 
466.070749 
466.167453 
466.467495 
466.633231 
467.587721 
468.143021 
468.467353 
470.106990 
470.230927 
470.632888 
471.528478 
471.702138 
472.555525 
475.254958 
476.137337 
476.655778 
476.741762 
476.987432 
477.239532 
477.424974 
477.839839 
478.025184 
478.287324 
478.350991 
478.478491 
479.179912 
479.381011 
479.603143 
479.610989 
480.178529 
483.063105 
484.812878 
485.536950 
485.812309 
487.430372 
488.394428 
489.650610 
490.268902 
490.537395 
490.839736 
492.402371 
493.761100 
494.048311 
494.510465 
494.665197 
495.733187 
495.933139 
497.157389 
498.812741 
499.049100 
499.094429 
499.135959 
499.159706 
499.319750 
499.987692 
500.443604 
501.443678 
501.506077 
503.558605 
503.720190 
504.191944 
504.250516 
505.275434 
505.554419 
505.872781 
507.294746 
507.908775 
510.084004 
511.389313 
511.886833 
512.915350 
516.810416 
517.173782 
518.175659 
518.444983 
518.658035 
520.340949 
520.435410 
521.161512 
521.223944 
522.127879 
524.735171 
526.357773 
527.814337 
527.981078 
530.739805 
533.787546 
534.378318 
534.888555 
534.955820 
536.264280 
536.320747 
536.431074 
537.275656 
537.751145 
537.895570 
539.494121 
541.646557 
542.586698 
542.592232 
542.663640 
543.198305 
543.461743 
549.925981 
550.364461 
552.285349 
553.584092 
553.791748 
555.157583 
555.364580 
555.611557 
556.597574 
557.340801 
557.356615 
558.615613 
560.756176 
565.698890 
567.122644 
575.681022 
576.256684 
577.811694 
579.261657 
580.132046 
580.531838 
582.408520 
582.593734 
583.242405 
587.339076 
591.848181 
595.547563 
596.889051 
597.939703 
598.122961 
598.710256 
598.966218 
